22125001
An
Nguyen
10
10
10
10
22125003
Anh
Tran
10
10
10
10
22125005
Bach
Mai
10
10
10
10
22125006
Bach
Ngu
10
10
10
10
22125008
Bao
Luu
10
10
10
10
22125011
Bonh
Nguyen
10
10
10
10
22125012
Buu
Pham
10
10
10
10
22125013
Cuong
Lo
10
10
10
10
22125015
Dat
Truong
10
10
10
10
22125018
Duy
Lom
10
10
10
10
22125020
Giang
Nguyen
10
10
10
10
22125024
Hau
Cao
10
10
10
10
22125025
Hau
Huynh
10
10
10
10
22125027
Hieu
Duong
10
10
10
10
22125028
Hieu
Lo
10
10
10
10
22125029
Hoang
Lo
10
10
10
10
22125032
Huy
Tran
10
10
10
10
22125036
Khanh
Nguyen
10
10
10
10
22125037
Khiom
Duong
10
10
10
10
22125041
Khoa
Mai
10
10
10
10
22125042
Khui
Lo
10
10
10
10
22125047
Lon
Vu
10
10
10
10
22125048
Liom
Lo
10
10
10
10
22125052
Luon
Nguyen
10
10
10
10
22125053
Mai
Duong
10
10
10
10
22125054
Minh
Cao
10
10
10
10
22125057
Minh
Ngu
10
10
10
10
22125058
Minh
Nguyen
10
10
10
10
22125063
Nghe
Bui
10
10
10
10
22125064
Nghia
Lo
10
10
10
10
22125065
Nghia
Nguyen
10
10
10
10
22125069
Nhi
Lom
10
10
10
10
22125070
Nhuan
Lo
10
10
10
10
22125071
Nhut
Dang
10
10
10
10
22125074
Phy
Lo
10
10
10
10
22125075
Phyc
Nguyen
10
10
10
10
22125079
Quon
Nguyen
10
10
10
10
22125080
Quon
Ta
10
10
10
10
22125081
Quang
Duong
10
10
10
10
22125082
Quang
Nguyen
10
10
10
10
22125083
Quang
Phan
10
10
10
10
22125084
Quy
Nguyen
10
10
10
10
22125086
Si
Ngu
10
10
10
10
22125087
Son
Pham
10
10
10
10
22125088
Tai
Nguyen
10
10
10
10
22125089
Ton
Bui
10
10
10
10
22125090
Ton
Nguyen
10
10
10
10
22125092
Thang
Nguyen
10
10
10
10
22125093
Thanh
Tran
10
10
10
10
22125106
Tin
Trang
10
10
10
10
22125111
Tro
Vu
10
10
10
10
22125112
Trieu
Duong
10
10
10
10
22125114
Tuan
Doan
10
10
10
10
22125116
Tung
Vu
10
10
10
10
22125117
Uyon
Do
10
10
10
10
22125119
Van
Lo
10
10
10
10
22125120
Vi
Trinh
10
10
10
10
22125122
Vinh
Phung
10
10
10
10
22125123
Vuong
Lo
10
10
10
10