No,ID,FirstName,LastName,TotalMark,FinalMark,MidtermMark,OtherMark
1,22125001,An,Nguyen,10,10,10,10
2,22125003,Anh,Tran,10,10,10,10
3,22125005,Bach,Mai,10,10,10,10
4,22125006,Bach,Ngu,10,10,10,10
5,22125008,Bao,Luu,10,10,10,10
6,22125011,Bonh,Nguyen,10,10,10,10
7,22125012,Buu,Pham,10,10,10,10
8,22125013,Cuong,Lo,10,10,10,10
9,22125015,Dat,Truong,10,10,10,10
10,22125018,Duy,Lom,10,10,10,10
11,22125020,Giang,Nguyen,10,10,10,10
12,22125024,Hau,Cao,10,10,10,10
13,22125025,Hau,Huynh,10,10,10,10
14,22125027,Hieu,Duong,10,10,10,10
15,22125028,Hieu,Lo,10,10,10,10
16,22125029,Hoang,Lo,10,10,10,10
17,22125032,Huy,Tran,10,10,10,10
18,22125036,Khanh,Nguyen,10,10,10,10
19,22125037,Khiom,Duong,10,10,10,10
20,22125041,Khoa,Mai,10,10,10,10
21,22125042,Khui,Lo,10,10,10,10
22,22125047,Lon,Vu,10,10,10,10
23,22125048,Liom,Lo,10,10,10,10
24,22125052,Luon,Nguyen,10,10,10,10
25,22125053,Mai,Duong,10,10,10,10
26,22125054,Minh,Cao,10,10,10,10
27,22125057,Minh,Ngu,10,10,10,10
28,22125058,Minh,Nguyen,10,10,10,10
29,22125063,Nghe,Bui,10,10,10,10
30,22125064,Nghia,Lo,10,10,10,10
31,22125065,Nghia,Nguyen,10,10,10,10
32,22125069,Nhi,Lom,10,10,10,10
33,22125070,Nhuan,Lo,10,10,10,10
34,22125071,Nhut,Dang,10,10,10,10
35,22125074,Phy,Lo,10,10,10,10
36,22125075,Phyc,Nguyen,10,10,10,10
37,22125079,Quon,Nguyen,10,10,10,10
38,22125080,Quon,Ta,10,10,10,10
39,22125081,Quang,Duong,10,10,10,10
40,22125082,Quang,Nguyen,10,10,10,10
41,22125083,Quang,Phan,10,10,10,10
42,22125084,Quy,Nguyen,10,10,10,10
43,22125086,Si,Ngu,10,10,10,10
44,22125087,Son,Pham,10,10,10,10
45,22125088,Tai,Nguyen,10,10,10,10
46,22125089,Ton,Bui,10,10,10,10
47,22125090,Ton,Nguyen,10,10,10,10
48,22125092,Thang,Nguyen,10,10,10,10
49,22125093,Thanh,Tran,10,10,10,10
50,22125106,Tin,Trang,10,10,10,10
51,22125111,Tro,Vu,10,10,10,10
52,22125112,Trieu,Duong,10,10,10,10
53,22125114,Tuan,Doan,10,10,10,10
54,22125116,Tung,Vu,10,10,10,10
55,22125117,Uyon,Do,10,10,10,10
56,22125119,Van,Lo,10,10,10,10
57,22125120,Vi,Trinh,10,10,10,10
58,22125122,Vinh,Phung,10,10,10,10
59,22125123,Vuong,Lo,10,10,10,10
