22125001
An
Nguyen
10
8
7
10
22125003
Anh
Tran
0
5.5
6.5
0
22125005
Bach
Mai
8
8
8
8
22125006
Bach
Ngo
1
7
6
1
22125008
Bao
Luu
9
9.5
9
9
22125011
Bonh
Nguyen
7
7.5
7
7
22125012
Buu
Pham
8
8
8
8
22125013
Cuong
Lo
7.5
7
8
7.5
22125015
Dat
Truong
8.5
8.5
8.5
8.5
22125018
Duy
Lom
9
9
9
9
22125020
Giang
Nguyen
6.5
7
6
6.5
22125024
Hau
Cao
8
8.5
8
8
22125025
Hau
Huynh
7
7.5
7
7
22125027
Hieu
Duong
6.5
7
6
6.5
22125028
Hieu
Lo
6
5.5
6.5
5
22125029
Hoang
Lo
8
8
8
8
22125032
Huy
Tran
7
7.5
7
7
22125036
Khanh
Nguyen
6.5
7
6
6.5
22125037
Khiom
Duong
8
8
8
8
22125041
Khoa
Mai
7.5
7.5
7.5
7.5
22125042
Khui
Lo
6
5.5
6.5
5
22125047
Lon
Vu
8
8.5
8
8
22125048
Liom
Lo
6
5.5
6.5
5
22125052
Luon
Nguyen
7.5
8
7
7.5
22125053
Mai
Duong
6.5
7
6
6.5
22125054
Minh
Cao
8
8.5
8
8
22125057
Minh
Ngu
6.5
7
6
6.5
22125063
Nghe
Bui
6.5
7
6
6.5
22125064
Nghia
Lo
6
5.5
6.5
5
22125065
Nghia
Nguyen
6.5
7
6
6.5
22125069
Nhi
Lom
7
7.5
7
7
22125070
Nhuan
Lo
6
5.5
6.5
5
22125071
Nhut
Dang
7.5
8
7
7.5
22125074
Phy
Lo
9.5
7
6.7
9
22125075
Phyc
Nguyen
8
6
7
9
22125079
Quon
Nguyen
6.5
7
6
6.5
22125080
Quon
Ta
8.5
9
9
8
22125081
Quang
Duong
7
7
7
7
22125082
Quang
Nguyen
6.5
7
6
6.5
22125083
Quang
Phan
8.5
7
9.5
8
22125084
Quy
Nguyen
6.5
7
6
6.5
22125086
Si
Ngu
7.5
8
7
7.5
22125087
Son
Pham
6.5
7
6
6.5
22125088
Tai
Nguyen
7.5
7
8
7.5
22125089
Ton
Bui
8
8
8
8
22125090
Ton
Nguyen
6
5.5
6.5
5
22125092
Thang
Nguyen
7
7.5
7
7
22125093
Thanh
Tran
8.5
9
9
8
22125106
Tin
Trang
8.5
9
9
8