22125001
An
Nguyen
1
01/03/2004
123
0
40
0
0
22125003
Anh
Tran
1
31/03/2003
123
0
40
0
0
22125005
Bach
Mai
1
17/04/2004
123
0
40
0
0
22125006
Bach
Ngu
1
06/07/2004
123
0
40
0
0
22125008
Bao
Luu
1
07/04/2004
123
0
40
0
0
22125011
Bonh
Nguyen
1
11/11/2004
123
0
40
0
0
22125012
Buu
Pham
1
23/11/2004
123
0
40
0
0
22125013
Cuong
Lo
1
02/04/2004
123
0
40
0
0
22125015
Dat
Truong
1
24/07/2004
123
0
40
0
0
22125018
Duy
Lom
1
27/08/2004
123
0
40
0
0
22125020
Giang
Nguyen
1
16/04/2004
123
0
40
0
0
22125024
Hau
Cao
1
05/06/2004
123
0
40
0
0
22125025
Hau
Huynh
1
17/04/2004
123
0
40
0
0
22125027
Hieu
Duong
1
29/07/2004
123
0
40
0
0
22125028
Hieu
Lo
1
30/05/2004
123
0
40
0
0
22125029
Hoang
Lo
1
17/05/2004
123
0
40
0
0
22125032
Huy
Tran
1
08/02/2004
123
0
40
0
0
22125036
Khanh
Nguyen
1
02/11/2004
123
0
40
0
0
22125037
Khiom
Duong
1
04/08/2004
123
0
40
0
0
22125041
Khoa
Mai
1
26/02/2004
123
0
40
0
0
22125042
Khui
Lo
1
26/11/2004
123
0
40
0
0
22125047
Lon
Vu
1
26/06/2004
123
0
40
0
0
22125048
Liom
Lo
1
14/02/2004
123
0
40
0
0
22125052
Luon
Nguyen
1
08/05/2004
123
0
40
0
0
22125053
Mai
Duong
1
12/01/2004
123
0
40
0
0
22125054
Minh
Cao
1
20/11/2004
123
0
40
0
0
22125057
Minh
Ngu
1
23/08/2004
123
0
40
0
0
22125058
Minh
Nguyen
1
28/02/2004
123
16
40
0
0
22125063
Nghe
Bui
1
09/04/2004
123
0
40
0
0
22125064
Nghia
Lo
1
30/04/2004
123
0
40
0
0
22125065
Nghia
Nguyen
1
03/02/2004
123
0
40
0
0
22125069
Nhi
Lom
1
11/09/2004
123
0
40
0
0
22125070
Nhuan
Lo
1
06/09/2004
123
0
40
0
0
22125071
Nhut
Dang
1
15/01/2004
123
0
40
0
0
22125074
Phy
Lo
1
26/09/2004
123
0
40
0
0
22125075
Phyc
Nguyen
1
07/01/2004
123
0
40
0
0
22125079
Quon
Nguyen
1
05/01/2004
123
0
40
0
0
22125080
Quon
Ta
1
25/11/2004
123
0
40
0
0
22125081
Quang
Duong
1
02/09/2004
123
0
40
0
0
22125082
Quang
Nguyen
1
04/09/2004
123
0
40
0
0
22125083
Quang
Phan
1
11/06/2004
123
0
40
0
0
22125084
Quy
Nguyen
1
12/06/2004
123
0
40
0
0
22125086
Si
Ngu
1
21/12/2004
123
0
40
0
0
22125087
Son
Pham
1
01/01/2004
123
0
40
0
0
22125088
Tai
Nguyen
1
13/01/2004
123
0
40
0
0
22125089
Ton
Bui
1
29/11/2004
123
0
40
0
0
22125090
Ton
Nguyen
1
08/06/2004
123
0
40
0
0
22125092
Thang
Nguyen
1
01/05/2004
123
0
40
0
0
22125093
Thanh
Tran
1
26/06/2004
123
0
40
0
0
22125106
Tin
Trang
1
01/01/2004
123
0
40
0
0
22125111
Tro
Vu
1
07/09/2004
123
0
40
0
0
22125112
Trieu
Duong
1
13/08/2004
123
0
40
0
0
22125114
Tuan
Doan
1
09/03/2004
123
0
40
0
0
22125116
Tung
Vu
1
24/08/2004
123
0
40
0
0
22125117
Uyon
Do
1
20/04/2004
123
0
40
0
0
22125119
Van
Lo
1
19/09/2004
123
0
40
0
0
22125120
Vi
Trinh
1
22/09/2004
123
0
40
0
0
22125122
Vinh
Phung
1
10/03/2004
123
0
40
0
0
22125123
Vuong
Lo
1
25/09/2004
123
0
40
0
0